750
743 
877 
723 
532 
228 
663 
499 
360 
251 
467 
334 
722 
166 
430 
504 
754 
926 
854 
732 
559 
694 
179 
429 
830 
648 
314 
626 
893 
812 
955 
565 
502 
623 
110 
192 
729 
844 
978 
488 
83 
690 
222 
867 
886 
406 
301 
836 
546 
486 
450 
516 
948 
5 
194 
802 
98 
219 
333 
462 
35 
741 
127 
201 
136 
3 
852 
889 
446 
924 
966 
650 
315 
89 
771 
23 
592 
245 
148 
174 
848 
121 
92 
785 
790 
725 
874 
519 
787 
606 
530 
500 
109 
520 
621 
550 
302 
348 
472 
260 
718 
551 
678 
747 
75 
588 
299 
435 
594 
240 
895 
268 
677 
420 
575 
278 
505 
576 
433 
13 
555 
313 
819 
63 
627 
358 
287 
312 
320 
855 
216 
11 
597 
298 
45 
21 
693 
655 
584 
933 
142 
724 
149 
842 
987 
554 
380 
255 
708 
514 
457 
328 
203 
688 
217 
936 
860 
187 
888 
24 
736 
672 
483 
730 
733 
935 
799 
629 
768 
412 
436 
757 
913 
779 
963 
411 
416 
748 
719 
865 
786 
706 
281 
209 
342 
247 
712 
241 
570 
497 
997 
70 
378 
994 
950 
951 
549 
19 
654 
613 
389 
349 
41 
282 
329 
845 
972 
232 
196 
804 
213 
975 
14 
567 
887 
691 
364 
541 
140 
839 
509 
189 
649 
404 
734 
878 
25 
739 
233 
90 
357 
921 
468 
809 
560 
351 
78 
508 
292 
792 
305 
561 
746 
87 
164 
309 
325 
272 
73 
644 
829 
258 
692 
906 
473 
849 
60 
679 
275 
922 
998 
905 
181 
777 
707 
539 
332 
954 
387 
536 
370 
354 
667 
177 
267 
507 
756 
208 
485 
42 
212 
397 
986 
311 
880 
7 
4 
614 
367 
17 
125 
899 
111 
239 
308 
557 
728 
942 
976 
254 
319 
815 
491 
38 
316 
776 
533 
870 
381 
393 
286 
803 
864 
300 
652 
869 
340 
859 
50 
784 
656 
939 
210 
423 
170 
265 
154 
962 
823 
460 
425 
821 
646 
34 
641 
261 
969 
283 
593 
303 
120 
611 
225 
235 
9 
702 
159 
374 
145 
48 
938 
277 
284 
391 
687 
479 
970 
296 
682 
202 
761 
229 
197 
77 
983 
352 
211 
647 
639 
671 
141 
122 
540 
640 
896 
908 
791 
907 
463 
515 
39 
22 
658 
167 
326 
362 
742 
989 
205 
556 
923 
453 
964 
780 
704 
775 
441 
442 
451 
680 
531 
778 
178 
616 
431 
456 
890 
843 
755 
811 
669 
294 
396 
850 
28 
139 
831 
176 
875 
81 
369 
186 
276 
103 
440 
106 
645 
767 
184 
62 
638 
745 
900 
379 
863 
917 
591 
526 
361 
569 
642 
421 
596 
113 
439 
448 
1 
738 
400 
602 
347 
959 
279 
230 
480 
604 
713 
132 
610 
971 
931 
377 
346 
851 
356 
506 
489 
820 
826 
16 
29 
822 
605 
193 
56 
772 
112 
944 
33 
914 
107 
317 
43 
574 
827 
100 
764 
135 
925 
274 
220 
807 
293 
538 
992 
477 
74 
766 
323 
727 
493 
71 861 
471 12 
2 711 
327 119 
478 227 
960 195 
161 805 
603 619 
566 455 
788 825 
612 64 
774 797 
846 871 
744 990 
949 350 
231 571 
932 385 
564 999 
513 128 
426 911 
816 665 
615 443 
256 157 
143 144 
716 246 
548 705 
168 595 
30 828 
46 330 
413 249 
953 553 
543 469 
253 408 
116 689 
44 840 
673 490 
95 26 
288 474 
573 395 
280 853 
476 410 
375 289 
657 681 
215 578 
273 20 
720 424 
617 91 
957 382 
88 941 
668 55 
366 697 
698 399 
31 434 
834 703 
200 583 
102 631 
422 438 
817 345 
165 934 
783 376 
126 96 
452 290 
93 740 
285 372 
991 58 
751 338 
795 609 
581 65 
517 580 
632 146 
996 752 
894 250 
608 501 
582 558 
535 130 
572 79 
891 454 
147 753 
339 99 
18 481 
415 995 
946 636 
234 67 
175 198 
837 6 
409 684 
482 847 
915 685 
263 236 
968 883 
511 0 
324 365 
965 562 
306 335 
137 190 
721 353 
695 765 
53 343 
188 432 
118 670 
717 534 
470 659 
737 675 
51 114 
155 156 
872 153 
252 937 
61 993 
206 82 
643 458 
714 789 
909 674 
169 873 
525 318 
982 124 
8 620 
884 527 
666 927 
262 856 
769 945 
814 862 
160 117 
910 929 
150 686 
494 344 
291 158 
129 637 
226 401 
547 796 
414 634 
495 85 
770 36 
916 984 
52 943 
37 903 
625 484 
801 552 
304 528 
32 492 
979 204 
307 68 
47 123 
599 587 
618 428 
242 940 
537 163 
76 66 
386 244 
418 577 
590 806 
701 383 
524 710 
183 355 
735 521 
57 947 
15 568 
180 545 
980 466 
902 398 
475 151 
522 402 
868 662 
904 133 
653 437 
185 368 
607 363 
394 841 
660 628 
835 589 
115 750 
223 27 
758 700 
238 876 
449 624 
726 683 
243 218 
879 956 
920 919 
257 182 
405 331 
138 885 
882 86 
813 97 
958 105 
760 798 
661 715 
461 336 
419 373 
630 503 
818 173 
981 973 
214 600 
977 392 
447 359 
221 563 
985 781 
371 337 
94 407 
967 297 
108 773 
266 270 
427 518 
510 264 
321 898 
800 833 
101 523 
134 832 
384 162 
763 269 
496 512 
72 49 
341 585 
388 901 
664 199 
866 952 
10 295 
390 586 
824 794 
542 622 
403 271 
892 544 
961 709 
459 80 
84 69 
988 598 
465 676 
172 40 
445 259 
930 131 
974 918 
928 444 
635 808 
858 633 
248 464 
417 171 
498 601 
881 793 
224 152 
207 857 
529 759 
782 651 
810 762 
191 731 
912 838 
310 59 
897 237 
699 322 
579 696 
487 54 
104 749 
